010809210708081000210000000500001251079237326089670004099918   000000000000
010809211102482000450000000500001251100112526089670004041514   000000000000
010809211205100010540000003000001251124301526089670007027478   000000000000
010809211631Y61409110000003000001251169428246089670006383153   000000000000
010809211731100010130000000250001251177968826089670006119888   000000000000
010809211959100020150000001150001251197521456089670006490289   000000000000
010809210712543000140000000300001251076359796089670006128129   000000000000
010809211138Y61442110000000300001251113046666089670006371679   000000000000
010809211407Y61440110000002000001251142538866089670007025381   000000000000
010809211833100010270000002000001251181296566089670006422530   000000000000
010809210955553000640000000500001251095321086089670006463310   000000000000
010809211256200000230000002000000002886362466089670006190699   000000000000
010809210949663000090000000020001251084906546089670006217526   000000000000
010809210957Y61424210000001000001251091668066089670006142773   000000000000
010809210959553000620000000300001251099553106089670006523824   000000000000
010809211001100010510000002000001251100667086089670006028451   000000000000
010809211018100010340000000050001251103066556089670006035209   000000000000
010809211019100010340000000050001251103066566089670006035209   000000000000
010809211023002030050000000500001251104997006089670006130976   000000000000
010809211027Y61427410000001000001251106018666089670006545207   000000000000
010809211028Y61100050000000200001251103020806089670004026697   000000000000
010809211558921001590000001500001251150374066089670007027338   000000000000
010809211616000013210000000050001251168111466089670006087168   000000000000
010809211610Y61438310000000500001251167784296089670006374913   000000000000
010809211612Y61438310000000500001251167784306089670006374913   000000000000
010809211612EBTSST200000002000000003202079376089670004015062   000000000000
010809211619100050040000000450001251160995386089670004032414   000000000000
010809211620Y61410420000001200001251165066346089670006007307   000000000000
010809211028Y61440120000001000001251109334346089670006535653   000000000000
010809211029Y61425210000000500001251108742286089670006214440   000000000000
010809211029Y61427410000000500001251106018676089670006545207   000000000000
010809211030100010540000002500001251104301056089670006529193   000000000000
010809211030Y61440140000000200001251107174456089670006550876   000000000000
010809211030002030370000000100001251104997466089670006495957   000000000000
010809211030Y61411210000000500001251108725466089670006056114   000000000000
010809211031Y61427410000000100001251106018686089670006545207   000000000000
010809211032Y61431150000002000001251100453876089670006285580   000000000000
010809211035Y61431150000002000001251100453906089670006285580   000000000000
010809211622100010220000000900001251167257226089670006386933   000000000000
010809211622Y61424110000000100001251163747696089670006261243   000000000000
010809211633000011200000003000001251168103536089670007025563   000000000000
010809211628EBFSST680000000300000003202160866089670004095841   000000000000
010809211628Y61409110000002000001251169428236089670006383153   000000000000
010809211642Y61440210000000250001251162843316089670006405733   000000000000
010809211649Y61425210000001300001251161207426089670006212659   000000000000
010809211655000011200000002000001251168103846089670007025563   000000000000
010809211653Y61440140000000400001251166140336089670006549241   000000000000
010809211656EBFSST330000000300000003202338726089670004061272   000000000000
010809211958100030130000000500000002887326376089670006118104   000000000000
010809210604100010540000000500001251064196736089670006530506   000000000000
010809210618Y61440140000000100001251067172096089670006550363   000000000000
010809211054100010130000001250001251107968136089670006118013   000000000000
010809211400700009210000000250000002886512226089670006569553   000000000000
010809211100553000890000000250001251116119706089670006190822   000000000000
010809211114100010340000000750001251113066646089670006410915   000000000000
010809211115002030480000000300001251110000666089670006133103   000000000000
010809211117002030830000001000001251110000736089670006224217   000000000000
010809211659002030950000003000001251160024356089670007013411   000000000000
010809211711482000550000001000001251161014316089670004017357   000000000000
010809211721002030240000000950001251170026566089670006617840   000000000000
010809211721790000240000000750001251177415146089670001004192   000000000000
010809211746100010540000000500001251178876406089670006060850   000000000000
010809211752ECIST1760000002000000003202602896089670006179445   000000000000
010809211754ECIST1760000002000000003202610766089670006179445   000000000000
010809211755ECIST1760000002000000003202624216089670006179445   000000000000
010809211802000011200000003000001251188152546089670007025126   000000000000
010809211804000011200000003000001251188152556089670007025126   000000000000
010809211808100010380000001500001251183552076089670006285580   000000000000
010809211809100010380000001500001251183552086089670006285580   000000000000
010809211810100010380000001500001251183552096089670006285580   000000000000
010809211819200007120000001000001251180138176089670006385992   000000000000
010809212122700009080000001500000002887467046089670006569389   000000000000
010809211826Y61425210000001000001251180344966089670006214291   000000000000
010809210657000012210000000200001251060016316089670006557814   000000000000
010809210658000012210000000050001251060016326089670006557814   000000000000
010809210702Y61440210000000400001251079653366089670006348800   000000000000
010809210802Y61440140000000950001251087173076089670006550561   000000000000
010809210802Y61440110000001000001251088982286089670006527163   000000000000
010809210804Y61413110000000100001251080423406089670006945662   000000000000
010809210806Y61425210000002000001251088740476089670006213293   000000000000
010809210816ECISST800000000050000003199289036089670006433768   000000000000
010809210822Y61427410000000750001251086017876089670006545108   000000000000
010809210830ECIST1770000000150000003199353646089670006177985   000000000000
010809210833Y614HS010000000100001251080792376089670007182042   000000000000
010809210833EBFSST850000000500000003199369896089670004063021   000000000000
010809210834Y614HS010000000600001251080792386089670007182042   000000000000
010809210836Y614HS010000000050001251080792396089670007182042   000000000000
010809210847000010100000001000001251088021716089670006332093   000000000000
010809210859Y61431140000000100001251081930046089670006350806   000000000000
010809211109663000190000000040001251100852046089670006611793   000000000000
010809211123100010340000000950001251113066686089670006408018   000000000000
010809211124921020020000000050001251110285116089670006398128   000000000000
010809211126Y61423130000003000001251110426836089670006178454   000000000000
010809211128OBFSST100000000090000000000098716089670004037587   000000000000
010809211129Y61423110000001900001251111946986089670006178454   000000000000
010809211129553000620000000500001251119553306089670007017719   000000000000
010809211828921001360000000100001251180417886089670006333067   000000000000
010809211845000011200000000200001251188152876089670006526843   000000000000
010809211850Y55617020000000200001251183199606089670001008920   000000000000
010809211856Y61409810000000200001251180165606089670006040092   000000000000
010809211912Y61442110000000700001251196969596089670006433115   000000000000
010809211918Y61427410000001000001251197424646089670006545272   000000000000
010809211918Y61440210000000500001251190360886089670006334305   000000000000
010809211939000010700000000500001251190112036089670006549944   000000000000
010809211942000010700000000050001251190112056089670006549944   000000000000
010809211943Y61436140000001000001251191927606089670006466198   000000000000
010809211204700017730000000090000002886239736089670006056932   000000000000
010809210857482000550000002000001251075623766089670004093812   000000000000
010809210914Y61438310000002000001251099264806089670006580527   000000000000
010809210921000010050000000500001251098042716089670006152574   000000000000
010809210917Y61412810000000500001251097997366089670006350798   000000000000
010809210922000012110000003000001251098113746089670006078654   000000000000
010809210924200007050000000200001251098107386089670006544333   000000000000
010809210925200007060000000750001251090019066089670006182803   000000000000
010809210919Y61412730000000600001251097665356089670007007173   000000000000
010809210915180010030000000550001251097553836089670006056353   000000000000
010809210925200007050000000200001251098107396089670006544333   000000000000
010809210920Y61411210000000500001251098724786089670006056221   000000000000
010809211130553000620000003000001251119553316089670007017719   000000000000
010809211132100050190000000500001251110629316089670004008109   000000000000
010809211132Y61443110000001000001251119994326089670006570965   000000000000
010809211132OBFSST100000000500000000000098756089670004062486   000000000000
010809211157000014410000000600001251110027156089670006360250   000000000000
010809211453100030020000001550000002886643546089670006145743   000000000000
010809211157Y61437130000001000001251118267526089670006380472   000000000000
010809211957200007260000001300001251190125616089670006332044   000000000000
010809212310700009080000000700000002887620686089670006117072   000000000000
010809212014100050100000000500001251207386846089670006055819   000000000000
010809212316700009080000000500000002887628696089670006388046   000000000000
010809212021Y61412720000000050001251200649686089670006643390   000000000000
010809212022100050160000001500001251207489866089670004020559   000000000000
010809211159Y61412730000001000001251117667496089670006096979   000000000000
010809211159100020240000000300001251117685116089670006116611   000000000000
010809211201ECIST1770000000900000003200666186089670006178108   000000000000
010809211203921007010000000500001251120299516089670006475462   000000000000
010809211214Y61427410000000200001251126019236089670006545769   000000000000
010809210611Y61425210000000800001251062290606089670006549373   000000000000
010809210710543000140000000500001251076359776089670006128129   000000000000
010809210710EBFSST720000000500000003199022156089670004086931   000000000000
010809210939Y61440210000000050001251099655216089670006334297   000000000000
010809212047421800010000001000001251201281906089670006365465   000000000000
010809212105Y61440210000000200001251210361076089670006332028   000000000000
010809212117426625310000000100001251211285586089670007017636   000000000000
010809212120Y61440210000000500001251210361196089670006349139   000000000000
010809211206100010540000001000001251124301536089670007027478   000000000000
010809211205543000200000000100001251121620996089670006344015   000000000000
010809211240000010100000000200001251128023556089670006334032   000000000000
010809211235002030390000000400001251120006006089670006558960   000000000000
010809211304ECISST550000000700000003201049096089670006566567   000000000000
010809211304100020140000000200001251134095236089670006528823   000000000000
010809211305100020140000000050001251134095246089670006528823   000000000000
010809211307100010540000000300001251134301776089670006528500   000000000000
010809211335OTGSST410000000500000000000045486089670007092043   000000000000
010809211336OTGSST410000000200000000000045496089670007092043   000000000000
010809211404Y61440120000002000001251147555446089670007025381   000000000000
010809211441000013310000000200001251140008496089670006566674   000000000000
010809211632543000060000001000001251163292606089670006147079   000000000000
010809211633Y61409110000003000001251169428256089670006383153   000000000000
010809211655663000100000001400001251155434096089670006202700   000000000000
010809211733100010130000000250001251177968836089670006119359   000000000000
010809211832100010540000000150001251188876706089670006531546   000000000000
010809211902Y61410210000001000001251197141006089670006614359   000000000000
010809211224000011200000001000001251128100416089670006526538   000000000000
010809211219EBFSST480000000500000003200771206089670004021359   000000000000
010809211225000011200000000200001251128100426089670006526538   000000000000
010809211221180010030000000950001251127604636089670006133095   000000000000
010809211226Y61429110000000200001251120538926089670006405956   000000000000
010809211233000010100000001000001251128023516089670006334032   000000000000
010809211224180010040000000500001251127605196089670006057781   000000000000
010809211236000010100000000200001251128023526089670006334032   000000000000
010809211237000010100000000200001251128023536089670006334032   000000000000
010809212140EBFSST800000000250000003203258636089670004022258   000000000000
010809212304Y55611020000000200001251233246836089670005022026   000000000000
010809212350000018650000002250001251234800116089670001004218   000000000000
010809211108ECISST960000003000000003200308836089670004080504   000000000000
010809211337OTGSST410000000200000000000045506089670007092043   000000000000
010809211528663000090000000980001251142757526089670006265129   000000000000
010809211604633000090000000950001251167772026089670006550439   000000000000
010809211238000010100000000200001251128023546089670006334032   000000000000
010809211248ECISST710000001300000003200946866089670006076930   000000000000
010809211250100010220000000100001251127256836089670006528427   000000000000
010809211554700018860000002050000002886792596089670006135900   000000000000
010809211256100020150000000800001251127520656089670006432794   000000000000
010809211258Y61440110000002500001251122538276089670006525894   000000000000
010809211259Y61440110000001500001251122538286089670006525894   000000000000
010809211300ECISST130000001500000003201027066089670006055827   000000000000
010809211302100020140000000700001251134095226089670006273735   000000000000
010809211319000014410000000650001251130027856089670006360789   000000000000
010809211313921001360000001000001251130325266089670006346655   000000000000
010809211311180060010000001000001251137617626089670006231329   000000000000
010809211312180060010000000500001251137617776089670006231329   000000000000
010809211321002040610000000150001251130009156089670001008524   000000000000
010809211322OTGSST410000002500000000000045406089670007092043   000000000000
010809211329000011700000000200001251130060796089670006085337   000000000000
010809211324OTGSST410000003000000000000045416089670007092043   000000000000
010809211326Y61440210000000500001251132841806089670006345384   000000000000
010809211326OTGSST410000003000000000000045436089670007092043   000000000000
010809211328OTGSST410000003000000000000045446089670007092043   000000000000
010809211329100010540000000300001251138700066089670006530720   000000000000
010809211329Y61425210000001000001251131206366089670006213442   000000000000
010809211329OTGSST410000003000000000000045456089670007092043   000000000000
010809211330ECIST1770000001950000003201192126089670006178348   000000000000
010809211331OTGSST410000003000000000000045466089670007092043   000000000000
010809211331ECIST1760000000200000003201200386089670006175070   000000000000
010809211349000011200000000400001251138101696089670006531637   000000000000
010809211348100020180000000500001251138788046089670006183173   000000000000
010809211350100010540000000250001251138700106089670006531801   000000000000
010809211351ECIST1250000000500000003201305846089670006231022   000000000000
010809211354ECIST1360000000250000003201323316089670006231022   000000000000
010809211350663000150000002000001251124934126089670006134861   000000000000
010809211359OBFSST100000000250000000000098816089670004036456   000000000000
010809211403100010460000001600001251149381866089670006210513   000000000000
010809211411002030340000000600001251140012456089670006518782   000000000000
010809211413Y61411810000000300001251143274006089670006025085   000000000000
010809211414100010690000003000001251141591936089670006213327   000000000000
010809211414002030810000001000001251140012746089670006588157   000000000000
010809211414002030390000000800001251140012756089670006556543   000000000000
010809211416100010690000001000001251141591946089670006213327   000000000000
010809211417EBSSST310000000030000003201455876089670001002899   000000000000
010809211410663000150000002200001251131010716089670006232210   000000000000
010809211419100010110000002000001251148692196089670006467071   000000000000
010809211425000011000000000200001251140206516089670006518782   000000000000
010809211420Y61425210000000800001251141206586089670006213335   000000000000
010809211422543000140000000400001251142003746089670006101530   000000000000
010809211724100010270000000300000002887002076089670004036696   000000000000
010809211437081000310000001000001251149846956089670004010253   000000000000
010809211440Y61435120000000400001251142629726089670006340377   000000000000
010809211742100020060000000300000002887043536089670004093432   000000000000
010809211446Y61436130000002000001251144921346089670006463005   000000000000
010809211446923001020000000500001251140353596089670006405824   000000000000
010809211447Y61436130000001000001251144921356089670006463005   000000000000
010809211448543000140000000800001251142003796089670006411780   000000000000
010809211449Y61436130000000450001251144921366089670006463005   000000000000
010809211450100010540000000300001251148700196089670006526686   000000000000
010809211451EBFSST680000000500000003201635796089670004095841   000000000000
010809211452100010400000003000001251144513496089670006017710   000000000000
010809211452002030030000000100001251140015616089670006078662   000000000000
010809211453Y61440210000000100001251142842356089670006349022   000000000000
010809211455100010040000000950001251147832876089670006471297   000000000000
010809211455922001010000001000001251140356136089670006102249   000000000000
010809210921100020140000000650001251094093936089670006056361   000000000000
010809210921Y61411210000000100001251098724796089670006056221   000000000000
010809210922923001020000000600001251090237206089670006977129   000000000000
010809210923923001020000000300001251090237806089670006977129   000000000000
010809211457921001360000002000001251140356756089670006333869   000000000000
010809211501921046010000001000001251150357906089670004074549   000000000000
010809211507Y61431220000000500001251152067506089670006587258   000000000000
010809211511EBFSST840000000400000003201740886089670004083458   000000000000
010809210926002030790000000100001251094994396089670006024203   000000000000
010809210927921008010000001000001251090239406089670006108642   000000000000
010809210928921008010000000300001251090239856089670006108642   000000000000
010809210928002030390000000500001251094994526089670006556816   000000000000
010809210929002030390000000350001251094994586089670006556816   000000000000
010809210930002030340000000550001251094994616089670006088430   000000000000
010809210935Y61440210000000700001251099655186089670006335203   000000000000
010809210946921011030000001000001251090248716089670006059449   000000000000
010809210952100010360000001500001251092306986089670006341011   000000000000
010809211519Y61412810000000200001251154550396089670006588009   000000000000
010809211520100050330000000250001251159298656089670004027778   000000000000
010809211524100010330000000850001251151434766089670006383054   000000000000
010809211546000014710000000200001251150181856089670006411574   000000000000
010809211541Y61440210000000050001251152842856089670006346721   000000000000
010809211535482000540000000500001251143422656089670004095304   000000000000
010809211547921001590000002000001251150371126089670007027338   000000000000
010809211549921001590000002000001251150371486089670007027338   000000000000
010809211551921001590000002000001251150372276089670007027338   000000000000
010809211551Y61411110000000700001251153330146089670006056155   000000000000
010809211552Y61440210000000150001251152843026089670006333604   000000000000
010809211554100010380000001200001251154395676089670006395959   000000000000
010809211139ECIST1600000001000000003200536786089670006133095   000000000000
010809211933Y55621100000002300001251191872016089670001000232   000000000000
010809210715921012010000000700001251070203576089670006547997   000000000000
010809210718Y61425210000000700001251072291696089670006212840   000000000000
010809210720Y61425210000000900001251072291706089670006213236   000000000000
010809210722Y61425210000000400001251072291716089670006214424   000000000000
010809210725Y61425210000000100001251072291736089670006213236   000000000000
010809210725100010340000001000001251073066166089670006420427   000000000000
010809210849000010100000000100001251088021726089670006332093   000000000000
010809211005Y61440140000000100001251107174196089670006548730   000000000000
010809211013EBFSST680000000100000003199969466089670004099256   000000000000
010809211042Y61440140000000250001251107174566089670006550819   000000000000
010809211043081000170000000500001251101985406089670004087871   000000000000
010809211110ECISST960000000500000003200321096089670004080504   000000000000
010809211239543000140000000250001251122003506089670006116801   000000000000
010809211242Y61413110000000600001251120622776089670006557574   000000000000
010809211242010000050000000350001251128592366089670004010451   000000000000
010809211251016152010000000250001251127612236089670003003184   000000000000
010809211310543000190000000050001251135369896089670006515259   000000000000
010809211408Y61440110000001000001251142538876089670007025381   000000000000
010809211509002030190000001000001251150016756089670006577127   000000000000
010809211558482000550000000500001251145801816089670004092624   000000000000
010809211607921001590000000200001251160376626089670007027338   000000000000
010809211701002030950000003000001251170024526089670007013247   000000000000
010809211658482000160000001000001251155800366089670004010410   000000000000
010809211730100010130000000250001251177968816089670006119276   000000000000
010809211723482000540000000500001251162249936089670004099777   000000000000
010809211735922001010000000900001251170401626089670006058136   000000000000
010809211742000011200000000200001251178152336089670006525589   000000000000
010809211805000011200000001850001251188152566089670007025126   000000000000
010809211806000011910000000050001251180185166089670006044748   000000000000
010809211835100010270000001000001251181296576089670006422530   000000000000
010809211941000010700000000200001251190112046089670006549944   000000000000
010809212126Y55611500000001000001251212800416089670001005363   000000000000
